[[array([[ 8,  9, 11],
       [ 8,  9, 10],
       [ 8,  8,  9]], dtype=uint8)
  array([[ 8,  9, 11, 12],
       [ 8,  9, 10, 11],
       [ 8,  8,  9, 10]], dtype=uint8)
  array([[ 8,  9, 11, 12, 13],
       [ 8,  9, 10, 11, 13],
       [ 8,  8,  9, 10, 12]], dtype=uint8)
  ...
  array([[6, 5, 5, 5, 5],
       [6, 5, 5, 5, 5],
       [6, 5, 5, 5, 5]], dtype=uint8)
  array([[5, 5, 5, 5],
       [5, 5, 5, 5],
       [5, 5, 5, 5]], dtype=uint8)
  array([[5, 5, 5],
       [5, 5, 5],
       [5, 5, 5]], dtype=uint8)]
 [array([[ 8,  9, 11],
       [ 8,  9, 10],
       [ 8,  8,  9],
       [ 8,  8,  9]], dtype=uint8)
  array([[ 8,  9, 11, 12],
       [ 8,  9, 10, 11],
       [ 8,  8,  9, 10],
       [ 8,  8,  9, 10]], dtype=uint8)
  array([[ 8,  9, 11, 12, 13],
       [ 8,  9, 10, 11, 13],
       [ 8,  8,  9, 10, 12],
       [ 8,  8,  9, 10, 12]], dtype=uint8)
  ...
  array([[6, 5, 5, 5, 5],
       [6, 5, 5, 5, 5],
       [6, 5, 5, 5, 5],
       [6, 5, 5, 5, 5]], dtype=uint8)
  array([[5, 5, 5, 5],
       [5, 5, 5, 5],
       [5, 5, 5, 5],
       [5, 5, 5, 5]], dtype=uint8)
  array([[5, 5, 5],
       [5, 5, 5],
       [5, 5, 5],
       [5, 5, 5]], dtype=uint8)]
 [array([[ 8,  9, 11],
       [ 8,  9, 10],
       [ 8,  8,  9],
       [ 8,  8,  9],
       [ 5,  6,  8]], dtype=uint8)
  array([[ 8,  9, 11, 12],
       [ 8,  9, 10, 11],
       [ 8,  8,  9, 10],
       [ 8,  8,  9, 10],
       [ 5,  6,  8, 10]], dtype=uint8)
  array([[ 8,  9, 11, 12, 13],
       [ 8,  9, 10, 11, 13],
       [ 8,  8,  9, 10, 12],
       [ 8,  8,  9, 10, 12],
       [ 5,  6,  8, 10, 11]], dtype=uint8)
  ...
  array([[6, 5, 5, 5, 5],
       [6, 5, 5, 5, 5],
       [6, 5, 5, 5, 5],
       [6, 5, 5, 5, 5],
       [6, 5, 5, 5, 5]], dtype=uint8)
  array([[5, 5, 5, 5],
       [5, 5, 5, 5],
       [5, 5, 5, 5],
       [5, 5, 5, 5],
       [5, 5, 5, 5]], dtype=uint8)
  array([[5, 5, 5],
       [5, 5, 5],
       [5, 5, 5],
       [5, 5, 5],
       [5, 5, 5]], dtype=uint8)]
 ...
 [array([[30, 33, 38],
       [29, 32, 37],
       [27, 30, 36],
       [26, 29, 34],
       [25, 28, 33]], dtype=uint8)
  array([[30, 33, 38, 42],
       [29, 32, 37, 42],
       [27, 30, 36, 41],
       [26, 29, 34, 40],
       [25, 28, 33, 39]], dtype=uint8)
  array([[30, 33, 38, 42, 45],
       [29, 32, 37, 42, 45],
       [27, 30, 36, 41, 44],
       [26, 29, 34, 40, 44],
       [25, 28, 33, 39, 43]], dtype=uint8)
  ...
  array([[33, 36, 36, 36, 36],
       [34, 36, 36, 36, 36],
       [35, 36, 36, 36, 36],
       [36, 36, 36, 36, 36],
       [37, 36, 36, 36, 36]], dtype=uint8)
  array([[36, 36, 36, 36],
       [36, 36, 36, 36],
       [36, 36, 36, 36],
       [36, 36, 36, 36],
       [36, 36, 36, 36]], dtype=uint8)
  array([[36, 36, 36],
       [36, 36, 36],
       [36, 36, 36],
       [36, 36, 36],
       [36, 36, 36]], dtype=uint8)]
 [array([[29, 32, 37],
       [27, 30, 36],
       [26, 29, 34],
       [25, 28, 33]], dtype=uint8)
  array([[29, 32, 37, 42],
       [27, 30, 36, 41],
       [26, 29, 34, 40],
       [25, 28, 33, 39]], dtype=uint8)
  array([[29, 32, 37, 42, 45],
       [27, 30, 36, 41, 44],
       [26, 29, 34, 40, 44],
       [25, 28, 33, 39, 43]], dtype=uint8)
  ...
  array([[34, 36, 36, 36, 36],
       [35, 36, 36, 36, 36],
       [36, 36, 36, 36, 36],
       [37, 36, 36, 36, 36]], dtype=uint8)
  array([[36, 36, 36, 36],
       [36, 36, 36, 36],
       [36, 36, 36, 36],
       [36, 36, 36, 36]], dtype=uint8)
  array([[36, 36, 36],
       [36, 36, 36],
       [36, 36, 36],
       [36, 36, 36]], dtype=uint8)]
 [array([[27, 30, 36],
       [26, 29, 34],
       [25, 28, 33]], dtype=uint8)
  array([[27, 30, 36, 41],
       [26, 29, 34, 40],
       [25, 28, 33, 39]], dtype=uint8)
  array([[27, 30, 36, 41, 44],
       [26, 29, 34, 40, 44],
       [25, 28, 33, 39, 43]], dtype=uint8)
  ...
  array([[35, 36, 36, 36, 36],
       [36, 36, 36, 36, 36],
       [37, 36, 36, 36, 36]], dtype=uint8)
  array([[36, 36, 36, 36],
       [36, 36, 36, 36],
       [36, 36, 36, 36]], dtype=uint8)
  array([[36, 36, 36],
       [36, 36, 36],
       [36, 36, 36]], dtype=uint8)]]